0.699425
2.500000
0.000000 0.000000
0.020408 0.152674
0.040816 0.239122
0.061224 0.308111
0.081633 0.366267
0.102041 0.424422
0.122449 0.477911
0.142857 0.547606
0.163265 0.617669
0.183673 0.713071
0.204082 0.847911
0.224490 0.961287
0.244898 1.041718
0.265306 1.095277
0.285714 1.143810
0.306122 1.193053
0.326531 1.231319
0.346939 1.269585
0.367347 1.307851
0.387755 1.336980
0.408163 1.361081
0.428571 1.385181
0.448980 1.399160
0.469388 1.406794
0.489796 1.414427
0.510204 1.416599
0.530612 1.415908
0.551020 1.412517
0.571429 1.405817
0.591837 1.397688
0.612245 1.386300
0.632653 1.375410
0.653061 1.364560
0.673469 1.351699
0.693878 1.336725
0.714286 1.318908
0.734694 1.298940
0.755102 1.270004
0.775510 1.238843
0.795918 1.207103
0.816327 1.161456
0.836735 1.112453
0.857143 1.053695
0.877551 0.982953
0.897959 0.898944
0.918367 0.803122
0.938776 0.676990
0.959184 0.531365
0.979592 0.339715
1.000000 -0.000000
