-47.860096 -3.868371 5.843107
-47.839317 -5.604383 5.929270
-47.818538 -7.340395 6.015433
-47.781960 -9.117086 6.092931
-47.741936 -10.902648 6.168540
-47.689262 -12.715956 6.236492
-47.629532 -14.544740 6.300174
-47.560460 -16.390151 6.357691
-47.480547 -18.254856 6.408056
-47.394768 -20.127379 6.454247
-47.294187 -22.019628 6.489908
-47.191388 -23.913769 6.523886
-47.069646 -25.824074 6.543487
-46.947903 -27.734379 6.563088
-46.806109 -29.651613 6.566623
-46.662707 -31.569402 6.568869
-46.502759 -33.484158 6.557258
-46.337200 -35.397885 6.540947
-46.158782 -37.302290 6.513490
-45.970572 -39.199597 6.477546
-45.773371 -41.085487 6.433617
-45.562025 -42.953419 6.377125
-45.345731 -44.812405 6.316174
-45.110779 -46.637653 6.238410
-44.875092 -48.461187 6.159980
-44.616083 -50.230342 6.060437
-44.357074 -51.999497 5.960895
-44.077218 -53.709598 5.842585
-43.793727 -55.409402 5.721001
-43.493508 -57.053923 5.584594
-43.185142 -58.671519 5.440967
-42.864326 -60.242518 5.286596
-42.530730 -61.765680 5.121197
-42.189105 -63.255574 4.949125
-41.829970 -64.672924 4.762505
-41.467343 -66.074552 4.573125
-41.082413 -67.375758 4.366118
-40.697483 -68.676965 4.159110
-40.287694 -69.858402 3.933669
-39.876770 -71.034371 3.707386
-39.445538 -72.107016 3.467192
-39.008487 -73.150058 3.223012
-38.555771 -74.109914 2.969101
-38.092533 -75.013907 2.708656
-37.618325 -75.857760 2.442173
-37.128918 -76.618291 2.167327
-36.633250 -77.343747 1.889520
-36.117774 -77.958232 1.602346
-35.600715 -78.563749 1.314556
-35.059357 -79.031528 1.017311
-34.517999 -79.499307 0.720066
-33.954059 -79.838846 0.416060
-33.387100 -80.161244 0.111151
-32.802404 -80.383772 -0.197369
-32.210218 -80.564120 -0.507414
-31.605059 -80.672813 -0.818782
-30.988116 -80.716420 -1.131351
-30.362829 -80.715343 -1.443872
-29.721699 -80.629420 -1.756302
-29.076664 -80.523493 -2.068264
-28.412010 -80.317018 -2.377879
-27.747356 -80.110542 -2.687493
-27.060237 -79.795511 -2.991708
-26.372819 -79.479038 -3.295851
-25.667700 -79.083314 -3.593476
-24.958372 -78.668741 -3.889550
-24.235856 -78.200627 -4.178973
-23.505557 -77.700908 -4.464471
-22.766285 -77.169053 -4.744137
-22.016038 -76.597887 -5.016672
-21.260688 -76.011197 -5.285093
-20.491593 -75.382691 -5.542432
-19.720876 -74.750226 -5.798189
-18.934102 -74.078549 -6.038277
-18.147327 -73.406873 -6.278365
-17.345539 -72.708480 -6.501017
-16.542313 -72.007531 -6.722001
-15.727959 -71.294869 -6.927773
-14.909564 -70.577955 -7.128022
-14.083489 -69.859082 -7.315998
-13.251246 -69.138637 -7.494116
-12.414310 -68.421116 -7.663494
-11.569572 -67.708459 -7.818337
-10.722648 -66.999301 -7.968432
-9.866788 -66.304449 -8.099110
-9.010759 -65.610058 -8.229355
-8.145161 -64.941586 -8.335238
-7.279563 -64.273114 -8.441122
-6.406960 -63.632679 -8.525905
-5.533007 -62.997647 -8.606622
-4.654448 -62.388305 -8.670667
-3.773510 -61.792232 -8.726100
-2.889866 -61.216802 -8.769450
-2.003293 -60.663701 -8.799727
-1.115420 -60.124325 -8.822532
-0.224531 -59.616774 -8.828013
0.666729 -59.114947 -8.830534
1.560655 -58.654208 -8.811797
2.454582 -58.193468 -8.793061
3.350212 -57.776967 -8.752216
4.245946 -57.363128 -8.710040
5.142161 -56.984429 -8.650684
6.038524 -56.616573 -8.586026
6.934604 -56.274603 -8.508863
7.830483 -55.950985 -8.422836
8.725739 -55.644362 -8.328636
9.620084 -55.362590 -8.222486
10.513857 -55.089672 -8.112073
11.405687 -54.846886 -7.987152
12.297353 -54.605821 -7.861399
13.185759 -54.398856 -7.719144
14.074165 -54.191892 -7.576888
14.958871 -54.013171 -7.420866
15.843018 -53.838708 -7.262768
16.723700 -53.684361 -7.094791
17.602826 -53.539052 -6.922376
18.479033 -53.406969 -6.743429
19.352446 -53.287545 -6.558231
20.223758 -53.175678 -6.369295
21.090838 -53.079024 -6.172836
21.956865 -52.985406 -5.974884
22.817058 -52.908616 -5.768656
23.677251 -52.831826 -5.562428
24.530258 -52.771785 -5.348094
25.383072 -52.712195 -5.133541
26.229676 -52.664353 -4.913471
27.074677 -52.619546 -4.691976
27.914632 -52.582500 -4.467012
28.751438 -52.550300 -4.239883
29.584518 -52.522748 -4.010829
30.412792 -52.501195 -3.779292
31.238792 -52.481926 -3.546911
32.058239 -52.469242 -3.312102
32.876970 -52.457127 -3.077117
33.687323 -52.451677 -2.840077
34.497676 -52.446227 -2.603036
35.299633 -52.445903 -2.364840
36.100653 -52.446150 -2.126514
36.894788 -52.449437 -1.887873
37.686253 -52.453904 -1.649109
38.472430 -52.459864 -1.410513
39.254128 -52.467090 -1.172060
40.032212 -52.474783 -0.933956
40.803937 -52.483298 -0.696465
41.573794 -52.491773 -0.459254
42.335336 -52.500074 -0.223285
43.096832 -52.508366 0.012675
43.847972 -52.514901 0.246657
44.599111 -52.521436 0.480639
45.341473 -52.525190 0.712668
46.081977 -52.528356 0.944283
46.815445 -52.528277 1.174180
47.545061 -52.526423 1.403135
48.269461 -52.521435 1.630747
48.987913 -52.512874 1.856828
49.703061 -52.501887 2.082039
50.410046 -52.484912 2.305104
51.115743 -52.466831 2.527832
51.810927 -52.439734 2.747809
52.506112 -52.412637 2.967787
53.189980 -52.374560 3.184883
53.872999 -52.335658 3.401763
54.546580 -52.286657 3.616352
55.217034 -52.234310 3.830181
55.880055 -52.173368 4.042318
56.537513 -52.105995 4.253190
57.189682 -52.032126 4.462953
57.833680 -51.948223 4.671001
58.474693 -51.860478 4.878482
59.104736 -51.758619 5.083874
59.734273 -51.656086 5.289179
60.349835 -51.534928 5.492104
60.965397 -51.413769 5.695029
61.568093 -51.275004 5.896017
62.168622 -51.133275 6.096680
62.758588 -50.976801 6.295954
63.343510 -50.813287 6.494566
63.920366 -50.638344 6.692261
64.489087 -50.451871 6.889032
65.052448 -50.257707 7.085281
65.604357 -50.047110 7.280414
66.153830 -49.832976 7.475343
66.688309 -49.597071 7.669024
67.222787 -49.361167 7.862704
67.739919 -49.099767 8.055148
68.256342 -48.837325 8.247541
68.758162 -48.553114 8.439036
69.255904 -48.262822 8.630281
69.742014 -47.954895 8.820900
70.220454 -47.635339 9.011106
70.690461 -47.302732 9.200902
71.148991 -46.952365 9.390143
71.602506 -46.594051 9.579158
72.040529 -46.211185 9.767473
72.477172 -45.826069 9.955728
72.894116 -45.408863 10.143119
73.311059 -44.991657 10.330510
73.708828 -44.542247 10.517049
74.104141 -44.088712 10.703478
74.483784 -43.607974 10.889172
74.856946 -43.115986 11.074561
75.218146 -42.602497 11.259340
75.568668 -42.069817 11.443574
75.911123 -41.522114 11.627348
76.238553 -40.946428 11.810268
76.561980 -40.363018 11.992930
76.865904 -39.741977 12.174338
77.169829 -39.120935 12.355745
77.450083 -38.452621 12.535418
77.730129 -37.783891 12.715076
77.990512 -37.074593 12.893086
78.246350 -36.355917 13.070715
78.486678 -35.604275 13.246857
78.718022 -34.833535 13.422137
78.938132 -34.038279 13.596188
79.144740 -33.213559 13.768760
79.344490 -32.373533 13.940477
79.526166 -31.493179 14.109941
79.705433 -30.607353 14.279063
79.862026 -29.670035 14.444976
80.018619 -28.732718 14.610890
80.152110 -27.742283 14.773105
80.283512 -26.747043 14.934986
80.396274 -25.708652 15.093507
80.502418 -24.654941 15.250834
80.594431 -23.568488 15.405303
80.675294 -22.456199 15.557515
80.746558 -21.321790 15.707557
80.802156 -20.151273 15.854056
80.852689 -18.969223 15.999280
80.883074 -17.741289 16.139431
80.912910 -16.512129 16.279429
80.918172 -15.228044 16.412565
80.923433 -13.943958 16.545700
80.907625 -12.613989 16.672337
80.887886 -11.275460 16.797762
80.851655 -9.902213 16.917593
80.807070 -8.511377 17.034589
80.750532 -7.096421 17.147145
80.681285 -5.655824 17.254982
80.604565 -4.200917 17.359792
80.510868 -2.713506 17.457732
80.414106 -1.220590 17.554326
80.296198 0.310289 17.641640
80.178290 1.841168 17.728953
80.037688 3.409679 17.805528
79.895832 4.980271 17.881508
79.735789 6.578169 17.948262
79.570269 8.184289 18.012237
79.390981 9.808612 18.068769
79.202106 11.445608 18.120119
79.003779 13.093161 18.166060
78.791878 14.755872 18.204233
78.574729 16.423211 18.239247
78.340150 18.105916 18.263773
78.104403 19.789336 18.287564
77.847517 21.485700 18.298072
77.590630 23.182064 18.308580
77.314600 24.884253 18.306617
77.035793 26.587288 18.302846
76.742051 28.289625 18.289060
76.441732 29.991656 18.270866
76.130548 31.688857 18.245233
75.809143 33.381515 18.212600
75.480798 35.067982 18.175151
75.138752 36.742226 18.128194
74.793535 38.412057 18.079024
74.431313 40.058228 18.017986
74.069090 41.704400 17.956949
73.687604 43.313156 17.882501
73.305688 44.921076 17.807754
72.908434 46.489992 17.722445
72.507324 48.049104 17.634482
72.094635 49.571282 17.538698
71.674851 51.070831 17.438124
71.247068 52.539380 17.332298
70.809146 53.968641 17.219819
70.366616 55.376751 17.104428
69.911109 56.725284 16.980837
69.454190 58.066300 16.856396
68.981665 59.324235 16.722561
68.509140 60.582170 16.588725
68.021758 61.750070 16.446462
67.532798 62.908402 16.303304
67.032354 63.988847 16.154085
66.527552 65.039733 16.002565
66.014434 66.028473 15.847018
65.494395 66.965509 15.688120
64.968992 67.859054 15.526879
64.434328 68.677524 15.361592
63.897035 69.473200 15.195290
63.348364 70.170276 15.024592
62.799577 70.866284 14.853855
62.237520 71.441165 14.678699
61.675463 72.016045 14.503543
61.102814 72.490615 14.325447
60.527990 72.944596 14.146747
59.945259 73.322117 13.966304
59.358284 73.658586 13.784926
58.765866 73.942179 13.602663
58.167349 74.166530 13.419411
57.565631 74.360197 13.235826
56.956171 74.479672 13.051438
56.345535 74.588246 12.866997
55.725718 74.611706 12.682140
55.105901 74.635166 12.497283
54.476937 74.578426 12.312539
53.847331 74.516064 12.127804
53.210747 74.397329 11.943547
52.571904 74.260346 11.759446
51.928040 74.087179 11.575962
51.280487 73.887424 11.392932
50.629673 73.667546 11.210472
49.973915 73.417154 11.028874
49.316469 73.158340 10.847653
48.652985 72.869374 10.667779
47.989214 72.579351 10.487981
47.318456 72.263469 10.310053
46.647697 71.947587 10.132125
45.971047 71.617971 9.956011
45.293441 71.286125 9.780191
44.611440 70.950212 9.605881
43.927382 70.612397 9.432278
43.240272 70.276023 9.259817
42.550136 69.941078 9.088490
41.858147 69.609498 8.917906
41.162278 69.284967 8.748876
40.465629 68.962824 8.580176
39.764350 68.654870 8.413433
39.063070 68.346916 8.246691
38.356861 68.059549 8.082122
37.650472 67.772928 7.917632
36.940291 67.505723 7.754874
36.229077 67.243803 7.592587
35.515098 66.998124 7.431602
34.799327 66.762959 7.271460
34.081717 66.539603 7.112210
33.361647 66.332030 6.954154
32.640569 66.131266 6.796603
31.916451 65.951043 6.640577
31.192068 65.772649 6.484689
30.464150 65.618606 6.330648
29.736232 65.464562 6.176607
29.005153 65.332118 6.024307
28.273686 65.202321 5.872219
27.539876 65.087986 5.721511
26.805117 64.979913 5.571362
26.068748 64.881843 5.422247
25.330965 64.792548 5.274039
24.592214 64.708761 5.126526
23.851691 64.635038 4.980283
23.110743 64.563456 4.834390
22.367783 64.501987 4.690154
21.624823 64.440518 4.545917
20.879761 64.387964 4.403738
20.134689 64.335448 4.261568
19.388179 64.287653 4.121150
18.641345 64.240917 3.981125
17.893632 64.195982 3.842527
17.145417 64.152070 3.704741
16.396756 64.108225 3.568030
15.647570 64.064459 3.432590
14.898234 64.020076 3.297838
14.148516 63.974100 3.164863
13.398792 63.927700 3.032149
12.649015 63.877498 2.901770
11.899238 63.827296 2.771391
11.149871 63.771652 2.643533
10.400539 63.715544 2.515890
9.651935 63.654042 2.390389
8.903584 63.590667 2.265632
8.156103 63.522593 2.142588
7.409296 63.450876 2.020874
6.663310 63.375636 1.900393
5.918639 63.294748 1.781888
5.174532 63.211848 1.664078
4.432611 63.121158 1.548958
3.690779 63.030198 1.433932
2.952244 62.929224 1.322382
2.213709 62.828251 1.210832
1.478595 62.718251 1.102471
0.744098 62.606622 0.994685
0.012743 62.487674 0.889550
-0.717050 62.365090 0.785732
-1.444216 62.237023 0.683958
-2.168634 62.103227 0.584320
-2.891177 61.965884 0.486046
-3.609546 61.820647 0.390809
-4.327033 61.673885 0.296178
-5.038677 61.517001 0.205569
-5.750322 61.360116 0.114960
-6.454931 61.191973 0.028978
-7.159185 61.023260 -0.056771
-7.857221 60.845298 -0.138583
-8.553430 60.664619 -0.219239
-9.244482 60.476785 -0.296731
-9.932007 60.284059 -0.372060
-10.615674 60.086336 -0.445084
-11.293899 59.881568 -0.514859
-11.969791 59.673986 -0.583271
-12.638123 59.457286 -0.647269
-13.305862 59.239923 -0.710928
-13.963737 59.011531 -0.768941
-14.621613 58.783140 -0.826954
-15.269843 58.544820 -0.879542
-15.916731 58.305118 -0.931374
-16.555594 58.057882 -0.978763
-17.190996 57.807397 -1.024235
-17.820192 57.551659 -1.066320
-18.443650 57.291065 -1.105273
-19.062896 57.027302 -1.141959
-19.673987 56.757402 -1.174254
-20.283020 56.486146 -1.205454
-20.881364 56.207851 -1.230975
-21.479708 55.929556 -1.256496
-22.065192 55.643977 -1.275269
-22.650448 55.358268 -1.293922
-23.224944 55.067418 -1.307000
-23.796809 54.775311 -1.318715
-24.360148 54.479833 -1.326069
-24.918361 54.182328 -1.330799
-25.470393 53.882835 -1.332408
-26.014729 53.580869 -1.330130
-26.555319 53.277933 -1.325985
-27.085591 52.972330 -1.316698
-27.614622 52.666467 -1.306801
-28.130679 52.357892 -1.290527
-28.646735 52.049317 -1.274252
-29.149770 51.738459 -1.251672
-29.651489 51.427371 -1.228454
-30.142687 51.114608 -1.200221
-30.629979 50.801222 -1.170126
-31.109297 50.486538 -1.136296
-31.582096 50.170793 -1.099411
-32.049500 49.854034 -1.060047
-32.507765 49.535557 -1.016481
-32.963232 49.216421 -0.971657
-33.406940 48.894512 -0.921541
-33.850457 48.572543 -0.871341
-34.279603 48.246148 -0.814824
-34.708748 47.919752 -0.758307
-35.125753 47.588431 -0.696594
-35.540343 47.256129 -0.633847
-35.945409 46.918780 -0.567143
-36.345460 46.578772 -0.498354
-36.738600 46.234053 -0.426788
-37.124133 45.884148 -0.352163
-37.505363 45.530536 -0.275872
-37.876403 45.168148 -0.195633
-38.245737 44.803935 -0.114761
-38.602309 44.426076 -0.029144
-38.958881 44.048217 0.056473
-39.301888 43.652659 0.146907
-39.644012 43.255948 0.237655
-39.975169 42.842051 0.332105
-40.302859 42.422723 0.427725
-40.622169 41.987862 0.526019
-40.935430 41.541791 0.626244
-41.242892 41.083188 0.728207
-41.541719 40.605925 0.832759
-41.837327 40.120664 0.938211
-42.121699 39.607492 1.046804
-42.405439 39.092537 1.155560
-42.675323 38.538541 1.267895
-42.945207 37.984546 1.380231
-43.202518 37.390912 1.495533
-43.457862 36.791073 1.611300
-43.703187 36.156364 1.729193
-43.943919 35.505663 1.848061
-44.177204 34.826722 1.968323
-44.403235 34.120269 2.089941
-44.624414 33.394041 2.212336
-44.835632 32.627207 2.336323
-45.044631 31.850780 2.460601
-45.240903 31.019332 2.586542
-45.437176 30.187884 2.712483
-45.618809 29.290208 2.839872
-45.799980 28.390443 2.967307
-45.969073 27.434268 3.095522
-46.134964 26.463133 3.223942
-46.291390 25.446952 3.352619
-46.441798 24.402136 3.481459
-46.585415 23.324818 3.610209
-46.720114 22.204822 3.738838
-46.850771 21.065617 3.867238
-46.969510 19.869781 3.994958
-47.087044 18.668329 4.122553
-47.189549 17.396835 4.248590
-47.292054 16.125341 4.374628
-47.379758 14.786997 4.498398
-47.465730 13.440827 4.621903
-47.539630 12.042413 4.742929
-47.608746 10.623292 4.862973
-47.668623 9.166278 4.980618
-47.720538 7.676607 5.096194
-47.766162 6.162752 5.209783
-47.800508 4.605541 5.319808
-47.831639 3.036879 5.428631
-47.848026 1.415710 5.531948
-47.864413 -0.205459 5.635264
